1071,14.3239
760,8.29107
1355,17.5711
349,3.33054
320,2.62749
967,15.8879
1292,14.9973
630,9.70876
1014,15.3837
550,5.66247
1272,22.2735
1285,19.4779
1018,12.8976
607,6.47737
769,8.44459
580,3.95247
1387,15.663
1220,25.3844
702,7.23751
1255,19.1308
1016,17.8286
605,6.88886
895,8.81382
462,9.06451
193,1.4765
967,12.4087
1636,18.5073
1472,19.5185
1434,18.7683
559,5.92882
1228,22.5805
507,4.13929
1182,18.0607
1087,12.3864
786,9.30335
811,8.4012
1065,12.4491
619,8.96187
959,6.29135
1413,21.5186
1100,13.4709
1646,24.15
1033,16.661
1437,19.6503
1324,20.5361
1317,16.3267
1522,23.8952
1056,18.8701
569,8
695,7.75862
1244,18.7425
1317,16.3649
1813,32.2803
440,2.93692
893,8.26255
899,11.6532
274,2.48125
1442,19.6398
1369,14.9689
18,4.46262
1631,23.6474
902,10.4246
1420,20.168
1291,16.647
1243,23.9714
781,10.3676
1516,16.9021
1265,16.93
1034,20.5796
1310,16.4673
26,0.130716
1190,19.1682
1214,14.9367
619,8.71968
813,9.36784
1152,17.7336
1225,13.8247
413,4.33333
1030,13.2166
867,10.9317
1133,16.5648
602,6.58939
451,4.75087
1170,18.4341
1282,17.1627
232,2.77806
802,15.9229
637,4.13257
702,9.87843
906,13.0921
1176,13.7284
1470,22.3532
902,9.53817
816,7.94876
697,5.72225
682,10.5198
680,9.24857
558,9.7405
865,16.3894
63,13.6056
793,13.5747
1113,15.8112
1475,22.593
533,4.26721
476,4.31437
1331,15.8906
1591,16.7731
591,11.4258
1433,19.1638
334,3.72493
928,12.9719
2028,31.6055
912,13.5719
932,11.8669
605,4.30939
825,11.2047
545,6.95165
720,9.41938
1061,14.3527
1124,14.0697
1285,17.817
1956,30.6069
1542,24.4164
1243,17.2526
235,1.78056
896,11.0658
1384,21.8942
732,18.1566
831,13.7357
1459,23.0964
875,9.34178
1328,26.1722
1093,15.2689
1003,12.8464
1126,14.0481
1859,30.2115
703,13.4114
601,5.20362
1019,20.7077
1281,20.7716
1385,20.5037
541,5.68214
741,11.1398
1027,16.8122
902,10.5285
1062,10.8049
1016,16.3321
907,12.384
1076,10.9302
508,10.2435
1006,10.8279
1647,22.0839
501,3.99894
771,7.01091
1165,14.6236
765,11.8969
86,0.243046
489,7.49933
1262,19.133
1245,20.4441
855,10.8095
1252,21.6833
1936,27.5877
1222,17.3707
1002,11.0992
753,12.9086
680,2.89177
663,11.5918
966,13.5853
991,16.986
602,7.65668
1194,15.2538
1302,19.9183
780,7.53828
134,0.893652
312,2.15195
887,8.97863
1143,17.0571
1114,15.4562
1108,15.1388
1460,25.3256
247,2.57491
1546,26.0194
366,4.81677
983,16.0413
590,4.96451
1211,16.1117
818,11.7413
379,4.40384
1044,11.2938
424,4.46653
909,11.6341
901,12.5231
1299,15.9823
218,0.96418
1393,22.1851
861,9.24022
1018,12.3547
1151,14.9617
629,5.74786
1006,12.7928
1247,18.1585
1306,23.31
1258,21.3768
707,10.28
1197,12.35
267,1.67913
671,7.39033
997,9.98037
920,13.1394
642,9.85095
696,6.22541
937,12.0323
788,8.52838
1003,13.4153
815,8.40262
972,14.4305
922,9.1155
1019,15.6364
379,2.99299
479,5.68994
1277,28.7402
1240,15.092
1187,15.3134
1408,23.425
1107,20.9323
1163,16.1481
1411,20.0181
906,10.3388
1344,17.3083
1045,12.5606
998,11.0781
1204,20.4068
1163,16.6322
97,0.607394
1525,23.2135
1179,16.7414
731,9.70526
1038,12.8152
1826,32.1639
650,5.71705
1236,13.7935
756,7.38759
1020,15.8334
481,5.91494
641,9.36935
500,5.07637
871,14.7152
1409,24.8482
1278,13.6847
1296,20.9823
335,3.92091
844,9.16412
1110,26.4724
663,7.92148
421,3.09773
777,7.51701
540,6.97929
1109,16.4307
1212,18.363
724,7.02935
443,4.10645
1101,16.1534
731,11.6865
461,7.5451
548,5.76225
1396,19.4354
1613,21.2053
394,4.28255
788,10.6364
1015,12.7537
1421,20.3224
1610,13.1929
1926,30.58
689,8.56377
1430,18.5461
1307,20.6734
1024,10.593
1607,28.9292
1290,19.1989
744,12.64
848,11.0044
810,12.3495
583,6.13201
676,10.7963
1263,18.3515
170,0.978396
639,7.0605
1888,32.6049
1636,27.9231
1184,11.9634
1608,25.3961
1724,27.7335
1440,18.5949
1555,23.9672
868,8.4839
1423,21.0303
1119,14.6127
672,9.37475
1235,18.1642
682,12.7982
812,11.7568
421,3.23463
897,10.6211
956,12.9103
1351,20.4672
501,4.41073
1784,31.7627
526,5.84922
1670,25.2225
946,10.3933
994,15.9282
344,4.69868
1183,15.5306
302,2.60392
297,1.77586
668,10.8341
894,14.5266
818,6.86304
1520,18.791
1131,15.0496
821,8.26164
622,9.31867
1069,13.2198
914,10.3263
1070,21.2725
1061,12.6389
1211,18.4521
815,9.21106
243,1.62446
1075,14.0159
1289,19.2656
949,12.5952
575,4.71171
966,16.5917
839,8.67667
458,5.34944
557,9.92831
1103,13.7797
1702,25.3226
1778,26.0184
820,10.4838
1050,20.0829
1391,24.2803
1127,19.8586
658,7.19951
949,15.6099
861,11.2337
700,7.37376
579,7.97089
618,8.0542
1203,18.9647
912,9.94588
936,9.6354
664,7.7105
1125,16.6546
1187,16.1255
1835,29.4276
1069,17.4401
915,16.1835
377,4.8341
1093,16.7463
1233,14.6007
916,15.173
720,5.45234
11,14.1105
562,7.95818
1622,18.1784
1504,19.4634
258,1.58826
1192,16.7849
794,10.6389
1373,14.7165
583,6.45823
1018,13.9479
373,4.00537
650,8.63387
1384,23.649
921,13.8498
718,14.0537
1880,30.515
320,3.22913
1133,12.974
1258,25.389
729,12.6878
793,6.27737
515,5.18601
340,2.27353
756,8.49796
22,0.148636
1027,14.6903
379,3.19207
1034,11.8571
988,16.0363
1661,27.397
492,5.17813
1590,27.2492
1092,16.4016
681,7.86206
1257,18.7314
1145,14.4163
1574,8.80491
782,9.76918
1439,21.4924
1282,21.8832
1230,24.3197
534,5.00587
816,8.7419
813,7.50887
560,7.99574
781,9.14797
861,9.94915
650,5.4442
778,11.9445
1202,13.8388
472,5.38827
899,14.1387
1116,16.0968
888,9.03016
1311,23.7175
421,7.96774
1284,13.6844
812,10.916
1476,23.6572
1196,14.5258
1214,21.2292
36,0.269034
500,3.95902
5,32.6373
715,6.90458
1442,19.7318
1248,15.8055
985,14.0446
1014,15.2644
387,4.03097
1179,15.6751
1158,20.1752
1448,23.4983
1156,15.1103
670,5.88368
1106,16.3595
1342,16.8778
813,11.9573
1489,17.0717
860,8.72897
495,4.57286
722,7.52214
1212,25.0044
684,7.9206
1167,15.793
894,12.0623
1326,18.911
571,6.50715
1553,26.6742
1278,15.4056
889,9.65834
520,6.4477
523,3.96218
1194,14.4874
1288,18.6142
271,3.1702
1542,16.1782
1277,18.6806
462,3.02012
1278,22.2914
396,5.38523
933,9.89961
938,11.9041
925,14.0939
880,13.593
768,8.44254
832,9.15702
1371,22.5224
1071,13.5261
882,15.625
1059,13.4134
760,11.1678
959,9.05999
711,8.42957
960,16.3204
1100,10.9435
444,8.6296
877,12.2403
1128,13.8459
805,8.10702
263,3.01332
1406,18.4125
1149,14.9423
1303,24.6265
641,6.92371
1193,17.8466
1189,15.8935
1214,19.0553
556,7.99639
1424,24.1394
1001,19.431
944,8.59591
769,10.7288
1315,27.0164
732,8.83225
1352,23.3201
1587,24.4794
384,3.82504
1080,10.5218
842,8.49264
653,5.39063
1480,22.8591
457,5.48126
714,7.4843
1180,20.4301
549,6.43879
1295,18.0076
1498,25.1507
694,9.78149
943,12.2583
294,4.17312
909,9.26054
471,5.72821
891,9.13172
1110,16.6028
890,11.0536
1226,15.4005
39,15.5576
1170,12.1042
1685,28.6136
727,10.8467
1299,17.5052
1341,20.0028
1051,9.91878
1155,16.3618
916,13.2741
1036,10.6528
526,7.51309
701,9.71119
708,7.72529
459,3.99618
1128,17.088
1903,29.5371
17,15.7929
533,4.77221
1121,18.9601
837,10.7927
735,12.4415
404,3.36477
920,16.5247
862,12.6148
855,9.67579
1610,23.611
1197,16.4518
1183,20.5823
1283,16.6988
1352,18.1915
1265,12.2546
1126,13.0442
1574,24.7557
1188,13.4427
1107,13.9854
1314,17.0381
986,10.8548
524,6.4993
634,6.29241
750,10.5973
719,10.8293
711,8.75422
1107,16.5838
1496,17.0422
521,6.99675
1307,16.5564
1053,11.407
1008,15.0793
1358,14.282
1534,22.6219
883,8.97712
889,10.27
526,7.7461
855,7.74708
793,7.06939
498,6.85934
531,5.01683
1592,20.3908
1437,21.8282
1055,13.548
1317,16.7068
1526,20.4101
811,10.5567
1100,13.1817
615,6.5576
1407,21.4298
1140,17.4119
1059,13.7463
966,13.0165
554,7.28099
999,16.1357
901,16.3393
1267,12.1905
1187,17.079
550,6.13741
910,10.1256
47,6.45595
1505,22.5337
976,12.8233
1012,14.9842
1343,22.4773
1502,22.2702
1444,30.253
1131,14.7362
855,12.986
1587,16.385
299,1.69891
938,13.9997
1094,17.7821
546,4.94593
767,9.20207
374,3.21195
642,5.5996
950,13.4226
982,13.0145
787,7.74734
1343,22.013
1031,14.7971
1112,15.9601
1182,20.1605
920,11.1465
1940,20.0025
503,8.47439
1234,21.3989
947,10.2348
753,8.60567
276,2.63211
1388,27.1379
1026,13.4007
1099,12.9709
846,8.7756
351,2.83465
843,11.6052
1143,13.626
1288,31.0235
668,7.02848
631,6.16744
794,8.19429
1242,18.4734
1149,17.905
963,11.5455
1451,14.0014
744,7.45535
529,7.87063
903,14.0317
613,8.26901
14,12.7292
1842,27.7847
1307,15.0912
1587,24.5554
1342,19.1339
1006,13.2811
1094,13.3484
1180,12.2261
1223,17.9959
952,11.4438
89,11.187
1019,16.5609
829,8.15474
1574,23.1914
720,6.36959
1016,12.862
571,11.6849
151,1.3901
1275,18.5435
603,7.72839
1539,19.731
593,6.14054
778,7.32946
585,7.29901
859,15.3347
821,9.89988
1628,29.9446
692,6.89679
436,2.73677
1104,15.5225
1068,13.7924
932,14.2708
825,10.1801
468,4.87156
1150,18.217
1151,14.7295
1064,12.4863
1570,25.5376
1357,23.2654
1585,15.098
588,6.70959
1550,18.8015
383,4.44337
1180,22.0758
1273,18.5793
1089,13.3543
1201,15.788
1484,24.0603
1149,15.7886
748,7.64155
1095,10.8892
1722,22.6137
1431,22.956
1158,16.2653
1154,20.1438
1556,25.5777
2048,32.837
831,8.82286
1078,15.1871
1378,24.0605
758,10.9924
961,15.1655
1317,19.1507
1105,20.5008
977,12.1969
999,14.4955
500,4.271
1083,13.5548
496,3.69277
854,12.6165
1133,17.5958
387,2.35835
1015,13.9466
1416,22.5919
1288,22.0695
1004,9.19628
1293,18.52
1302,15.0674
832,10.0905
684,9.39562
914,10.7743
1127,17.6154
1326,19.2001
562,8.83708
817,12.8846
1368,19.6408
571,7.38223
1200,14.2158
1616,29.8752
212,1.55392
1109,13.9935
966,9.97771
989,14.9354
1585,27.1269
980,13.2117
1052,18.807
679,13.2733
572,7.77362
1163,14.2352
971,13.2498
1729,3.66658
1389,20.7264
1049,14.3146
1878,31.1537
578,6.15443
848,8.56359
1215,16.6047
1182,17.2338
1569,26.7501
548,8.02904
1017,15.8598
1452,19.9233
1574,24.3186
675,8.86632
975,9.79922
731,8.30792
1139,20.695
1642,16.7337
804,7.35785
889,11.2457
539,5.76738
901,15.9353
16,11.6924
448,3.49146
1332,15.8237
737,8.63141
1042,12.106
495,4.357
1229,19.4608
1669,24.8215
833,9.45348
1266,18.997
944,12.5918
1624,21.4692
953,18.1292
803,8.59435
1118,15.5458
1324,22.3309
994,11.3825
1008,13.1577
1438,17.2426
446,5.5127
1138,15.5814
1296,15.088
844,12.2318
221,1.81583
310,4.38859
447,5.10458
790,9.39505
922,11.9314
849,9.76719
1433,17.9474
864,12.4575
1167,16.3632
2005,33.0038
982,14.348
699,7.1653
685,8.42434
687,7.38163
846,16.1588
1508,22.1839
682,6.76732
806,9.49015
1304,19.9514
641,7.62869
820,11.1618
843,9.41103
692,10.9695
832,14.5789
1061,13.3394
1192,12.6921
972,13.5186
572,8.23227
1068,12.506
1057,13.0098
511,6.72001
1333,21.0258
1069,15.8589
1102,15.9934
1010,10.8544
846,10.8059
560,6.04913
836,11.1012
265,1.75478
794,9.1882
1968,31.5734
714,6.34687
748,12.5196
605,7.69289
630,6.53907
1296,18.4957
616,8.57471
2064,30.9096
788,7.52161
389,5.98685
1156,18.1281
1116,18.8835
1134,14.517
956,13.8547
821,14.9159
1627,27.1493
1325,19.8465
816,13.5232
677,7.56517
414,4.06573
1357,20.6011
938,9.33923
1544,27.4697
975,16.6338
1839,23.5108
1129,16.786
1541,21.5467
794,16.4591
1199,23.2148
1538,22.4826
915,10.9078
710,8.95517
1650,25.302
884,11.6826
1076,13.9676
732,7.04579
989,14.0304
1798,27.5209
316,3.55772
903,7.85159
361,4.24459
886,15.2725
839,16.6549
1136,14.7139
763,9.32494
1867,26.7431
2079,31.8319
802,10.6813
807,7.87126
624,5.97392
814,11.362
817,8.39936
967,11.6197
970,9.49868
1035,14.3994
1795,27.1398
118,0.769788
411,2.17811
693,9.86526
957,13.9014
470,5.50527
727,9.13653
881,8.93434
1000,10.1898
1117,14.5593
751,7.61132
356,2.68583
194,1.13252
1364,24.748
1476,20.343
1064,11.9688
846,11.586
1030,12.3939
385,4.89295
560,5.69825
159,0.848779
888,10.7805
963,12.0479
1124,18.5778
1400,26.4236
1473,23.6014
368,3.39007
566,6.86015
1860,26.6188
1393,24.8687
1231,18.748
1300,23.6933
228,1.80013
1479,15.8902
1171,13.4071
679,7.62946
1463,20.3429
1494,23.6166
1262,20.7143
858,7.83898
361,4.36422
1292,18.8398
939,9.70805
1850,24.6535
916,9.97315
902,11.0506
557,13.5819
1449,23.5737
357,4.37969
655,6.08047
997,12.5276
1053,16.5402
884,10.1151
957,10.7984
421,5.70542
627,4.37122
851,10.1396
1188,19.2335
738,10.5326
747,12.8975
1110,11.4457
1264,15.836
1605,26.1374
1345,24.2384
640,9.33449
1204,16.3238
1297,18.976
1288,21.5592
1108,18.7945
993,12.1289
1341,17.7028
918,12.3074
891,8.39443
1199,15.7318
1190,10.9864
1612,21.9433
434,4.38946
1111,10.1005
1129,17.3064
46,23.3315
702,9.20832
766,10.3766
1360,17.0497
404,1.95023
972,13.6674
1229,18.1367
1127,12.6077
838,9.70631
759,8.0071
1246,18.3913
874,11.6246
641,8.57218
1264,19.7088
1154,13.6516
1138,16.147
929,7.75445
453,5.39487
1045,15.6473
179,1.45715
982,18.2465
209,1.5571
634,5.82926
984,9.85462
529,6.70101
813,9.74565
443,2.45317
975,12.1737
720,7.57931
887,10.9502
896,7.47425
1537,26.1214
819,10.5266